Rectangle
162.0
65.0
306.0
161.0
255
204
204
Rectangle
23.5
225.0
144.5
319.0
255
204
204
Rectangle
278.5
219.0
399.5
323.0
204
204
255
Circle
273.0
407.0
369.0
496.0
204
255
204
Rectangle
265.0
572.0
373.0
667.0
204
204
255
Rectangle
450.0
423.0
592.0
498.0
255
204
204
Line
229.0
162.0
102.0
224.0
102
153
0
Line
101.0
223.0
102.0
204.0
102
153
0
Line
102.0
224.0
123.0
226.0
102
153
0
Line
277.0
160.0
339.0
218.0
102
153
0
Line
340.0
216.0
343.0
206.0
102
153
0
Line
338.0
215.0
314.0
215.0
102
153
0
Line
330.0
324.0
322.0
404.0
0
0
0
Line
311.0
390.0
321.0
404.0
0
0
0
Line
321.0
405.0
334.0
394.0
0
0
0
Line
319.0
502.0
325.0
570.0
102
153
0
Line
322.0
564.0
311.0
559.0
102
153
0
Line
326.0
568.0
344.0
558.0
102
153
0
Line
369.0
456.0
446.0
461.0
102
153
0
Line
447.0
461.0
437.0
452.0
102
153
0
Line
449.0
464.0
439.0
469.0
102
153
0
