Circle
319.5
254.5
398.5
333.5
204
255
204
Circle
334.0
399.0
334.0
399.0
102
0
102
Circle
279.0
351.0
435.0
486.0
204
204
204
Circle
797.5
332.5
896.5
431.5
255
204
204
Circle
657.0
330.0
753.0
426.0
255
204
204
Circle
119.5
335.5
230.5
446.5
204
204
255
Circle
24.0
250.0
98.0
324.0
204
204
255
Circle
146.5
224.5
219.5
297.5
204
204
255
Circle
470.0
268.0
580.0
378.0
255
204
204
Circle
293.5
140.5
384.5
231.5
204
255
204
Circle
423.5
112.5
506.5
195.5
204
255
204
Circle
301.5
570.5
456.5
725.5
153
255
255
Circle
471.5
470.5
616.5
615.5
153
255
255
Line
360.0
334.0
360.0
348.0
102
153
0
Line
352.0
228.0
357.0
252.0
102
153
0
Line
226.0
408.0
280.0
418.0
102
153
0
Line
182.0
299.0
181.0
336.0
102
153
0
Line
87.0
313.0
128.0
364.0
102
153
0
Line
480.0
358.0
422.0
387.0
102
153
0
Line
450.0
190.0
387.0
266.0
102
153
0
Line
426.0
464.0
490.0
499.0
102
153
0
Line
383.0
502.0
371.0
568.0
102
153
0
Line
580.0
334.0
662.0
359.0
102
153
0
Line
751.0
387.0
798.0
385.0
102
153
0
